UTC+8: 2026-10-01T11:27:58+08:00
Role: os
Command: lspci -Dxxx
Exit: 0
State: RETURNED
Duration: 0.19s

0001:00:00.0 PCI bridge: NVIDIA Corporation Device 2f95
00: de 10 95 2f 06 01 10 00 00 00 04 06 00 00 01 00
10: 0c 00 00 40 00 80 00 00 00 01 01 00 00 00 00 00
20: f0 ff 00 00 f1 ff 01 00 00 00 00 00 00 00 00 00
30: 00 00 00 00 4c 00 00 00 00 00 00 00 00 00 02 00
40: 00 00 00 00 00 00 00 00 00 00 00 00 01 54 03 48
50: 0b 01 00 00 05 6c 87 01 40 00 05 40 00 fe 00 00
60: 00 00 00 00 fe 00 00 00 00 00 00 00 09 84 18 00
70: 00 00 00 00 01 00 00 00 00 00 00 00 00 00 00 00
80: 00 00 00 00 10 00 42 80 22 80 03 40 1f 29 00 00
90: 06 81 7b 00 08 0c 00 10 00 00 00 00 00 00 40 00
a0: 17 00 01 00 00 00 00 00 ff 1b 33 80 00 04 00 00
b0: 7e 00 80 81 06 00 00 00 00 00 00 00 00 00 00 00
c0: 00 00 00 00 00 00 00 00 00 00 00 00 00 00 00 00
d0: 00 00 00 00 00 00 00 00 00 00 00 00 00 00 00 00
e0: 00 00 00 00 00 00 00 00 00 00 00 00 00 00 00 00
f0: 00 00 00 00 00 00 00 00 00 00 00 00 00 00 00 00

0002:00:00.0 PCI bridge: NVIDIA Corporation Device 2f98
00: de 10 98 2f 06 01 10 00 00 00 04 06 00 00 01 00
10: 0c 00 00 40 00 82 00 00 00 01 02 00 00 00 00 00
20: 00 03 00 04 f1 ff 01 00 00 00 00 00 00 00 00 00
30: 00 00 00 00 4c 00 00 00 00 00 00 00 00 00 02 00
40: 00 00 00 00 00 00 00 00 00 00 00 00 01 54 03 48
50: 08 00 00 00 05 6c 87 01 40 00 05 40 00 fe 00 00
60: 00 00 00 00 fe 00 00 00 00 00 00 00 09 84 18 00
70: 00 00 00 00 01 00 00 00 00 00 00 00 00 00 00 00
80: 00 00 00 00 10 00 42 80 22 80 03 40 5f 59 00 00
90: 26 80 7b 01 08 0c 12 30 00 00 00 00 00 00 40 00
a0: 17 00 01 00 00 00 00 00 ff 1b 33 80 40 04 00 00
b0: 7e 00 80 81 06 00 00 40 00 00 00 00 00 00 00 00
c0: 00 00 00 00 00 00 00 00 00 00 00 00 00 00 00 00
d0: 00 00 00 00 00 00 00 00 00 00 00 00 00 00 00 00
e0: 00 00 00 00 00 00 00 00 00 00 00 00 00 00 00 00
f0: 00 00 00 00 00 00 00 00 00 00 00 00 00 00 00 00

0002:01:00.0 PCI bridge: ASPEED Technology, Inc. AST1150 PCI-to-PCI Bridge (rev 06)
00: 03 1a 50 11 07 01 10 00 06 00 04 06 00 00 01 00
10: 00 00 00 00 00 00 00 00 01 02 02 00 f1 01 20 02
20: 00 03 00 04 f1 ff 01 00 00 00 00 00 00 00 00 00
30: 00 00 00 00 50 00 00 00 00 00 00 00 ff 01 02 00
40: 00 00 00 00 00 00 00 00 00 00 00 00 00 00 00 00
50: 05 78 8a 00 00 00 00 00 00 00 00 00 00 00 00 00
60: 00 00 00 00 00 00 00 00 11 78 00 00 00 00 00 00
70: 00 00 00 00 00 00 00 00 01 80 c3 ff 08 00 00 00
80: 10 c0 72 00 22 80 00 00 5f 59 10 00 12 4c 43 00
90: 08 00 12 10 00 00 00 00 00 00 00 00 00 00 00 00
a0: 00 00 00 00 1f 00 00 00 00 00 00 00 00 00 00 00
b0: 02 00 00 00 00 00 00 00 00 00 00 00 00 00 00 00
c0: 0d 00 00 00 03 1a 50 11 00 00 00 00 00 00 00 00
d0: 00 00 00 00 00 00 00 00 00 00 00 00 00 00 00 00
e0: 00 00 00 00 00 00 00 00 00 00 00 00 00 00 00 00
f0: 00 00 00 00 00 00 00 00 00 00 00 00 00 00 00 00

0002:02:00.0 VGA compatible controller: ASPEED Technology, Inc. ASPEED Graphics Family (rev 52)
00: 03 1a 00 20 02 01 10 02 52 00 00 03 00 00 00 00
10: 00 00 00 03 00 00 00 04 01 00 00 00 00 00 00 00
20: 00 00 00 00 00 00 00 00 00 00 00 00 03 1a 00 20
30: 00 00 00 00 40 00 00 00 00 00 00 00 ff 01 00 00
40: 01 50 c3 ff 00 00 00 00 00 00 00 00 00 00 00 00
50: 05 00 84 00 00 00 00 00 00 00 00 00 00 00 00 00
60: 00 00 00 00 00 00 00 00 00 00 00 00 00 00 00 00
70: 00 00 00 00 00 00 00 00 00 00 00 00 00 00 00 00
80: 00 00 00 00 00 00 00 00 00 00 00 00 00 00 00 00
90: 00 00 00 00 00 00 00 00 00 00 00 00 00 00 00 00
a0: 00 00 00 00 00 00 00 00 00 00 00 00 00 00 00 00
b0: 00 00 00 00 00 00 00 00 00 00 00 00 00 00 00 00
c0: 00 00 00 00 00 00 00 00 00 00 00 00 00 00 00 00
d0: 00 00 00 00 00 00 00 00 00 00 00 00 00 00 00 00
e0: 00 00 00 00 00 00 00 00 00 00 00 00 00 00 00 00
f0: 00 00 00 00 00 00 00 00 00 00 00 00 00 00 00 00

0002:20:00.0 PCI bridge: NVIDIA Corporation Device 2f98
00: de 10 98 2f 06 01 10 00 00 00 04 06 00 00 01 00
10: 0c 00 00 10 10 82 00 00 20 21 21 00 00 00 00 00
20: 00 07 00 07 f1 ff 01 00 00 00 00 00 00 00 00 00
30: 00 00 00 00 4c 00 00 00 00 00 00 00 00 00 02 00
40: 00 00 00 00 00 00 00 00 00 00 00 00 01 54 03 48
50: 08 00 00 00 05 6c 87 01 40 00 05 40 00 fe 00 00
60: 00 00 00 00 fe 00 00 00 00 00 00 00 09 84 18 00
70: 00 00 00 00 01 00 00 00 00 00 00 00 00 00 00 00
80: 00 00 00 00 10 00 42 80 22 80 03 40 1f 59 00 00
90: 26 80 7b 06 48 0c 12 30 00 00 00 00 00 00 40 00
a0: 17 00 01 00 00 00 00 00 ff 1b 33 80 40 04 00 00
b0: 7e 00 80 81 06 00 00 40 00 00 00 00 00 00 00 00
c0: 00 00 00 00 00 00 00 00 00 00 00 00 00 00 00 00
d0: 00 00 00 00 00 00 00 00 00 00 00 00 00 00 00 00
e0: 00 00 00 00 00 00 00 00 00 00 00 00 00 00 00 00
f0: 00 00 00 00 00 00 00 00 00 00 00 00 00 00 00 00

0002:21:00.0 USB controller: Renesas Electronics Corp. uPD720201 USB 3.0 Host Controller (rev 03)
00: 12 19 14 00 06 05 10 00 03 30 03 0c 10 00 00 00
10: 04 00 00 07 00 00 00 00 00 00 00 00 00 00 00 00
20: 00 00 00 00 00 00 00 00 00 00 00 00 00 00 00 00
30: 00 00 00 00 50 00 00 00 00 00 00 00 ff 01 00 00
40: 00 00 00 00 00 00 00 00 00 00 00 00 00 00 00 00
50: 01 70 c3 c9 08 00 00 00 00 00 00 00 00 00 00 00
60: 30 20 00 00 00 00 00 00 00 00 00 00 09 26 20 00
70: 05 90 86 00 00 00 00 00 00 00 00 00 00 00 00 00
80: 00 00 00 00 00 00 00 00 00 00 00 00 00 00 00 00
90: 11 a0 07 80 00 10 00 00 80 10 00 00 00 00 00 00
a0: 10 00 02 00 c0 8f 00 00 0f 58 10 00 12 ec 07 00
b0: 40 00 12 10 00 00 00 00 00 00 00 00 00 00 00 00
c0: 00 00 00 00 10 08 00 00 00 04 00 00 00 00 00 00
d0: 02 00 00 00 00 00 00 00 00 00 00 00 00 00 00 00
e0: 00 00 00 00 00 00 55 00 00 00 01 05 00 00 00 00
f0: 00 00 00 00 10 00 00 00 9c ba 00 00 56 02 0f 00

0003:00:00.0 PCI bridge: NVIDIA Corporation Device 2f96
00: de 10 96 2f 06 01 10 00 00 00 04 06 00 00 01 00
10: 0c 00 00 40 20 82 00 00 00 01 01 00 00 00 00 00
20: f0 ff 00 00 f1 ff 01 00 00 00 00 00 00 00 00 00
30: 00 00 00 00 4c 00 00 00 00 00 00 00 00 00 02 00
40: 00 00 00 00 00 00 00 00 00 00 00 00 01 54 03 48
50: 0b 01 00 00 05 6c 87 01 40 00 05 40 00 fe 00 00
60: 00 00 00 00 fe 00 00 00 00 00 00 00 09 84 18 00
70: 00 00 00 00 01 00 00 00 00 00 00 00 00 00 00 00
80: 00 00 00 00 10 00 42 80 22 80 03 40 1f 29 00 00
90: 86 80 7b 00 08 0c 00 10 00 00 00 00 00 00 40 00
a0: 17 00 01 00 00 00 00 00 ff 1b 33 80 00 04 00 00
b0: 7e 00 80 81 06 00 00 00 00 00 00 00 00 00 00 00
c0: 00 00 00 00 00 00 00 00 00 00 00 00 00 00 00 00
d0: 00 00 00 00 00 00 00 00 00 00 00 00 00 00 00 00
e0: 00 00 00 00 00 00 00 00 00 00 00 00 00 00 00 00
f0: 00 00 00 00 00 00 00 00 00 00 00 00 00 00 00 00

0003:80:00.0 PCI bridge: NVIDIA Corporation Device 2f96
00: de 10 96 2f 06 01 10 00 00 00 04 06 00 00 01 00
10: 0c 00 00 10 30 82 00 00 80 81 81 00 00 00 00 00
20: f0 ff 00 00 f1 ff 01 00 00 00 00 00 00 00 00 00
30: 00 00 00 00 4c 00 00 00 00 00 00 00 00 00 02 00
40: 00 00 00 00 00 00 00 00 00 00 00 00 01 54 03 48
50: 0b 01 00 00 05 6c 87 01 40 00 05 40 00 fe 00 00
60: 00 00 00 00 fe 00 00 00 00 00 00 00 09 84 18 00
70: 00 00 00 00 01 00 00 00 00 00 00 00 00 00 00 00
80: 00 00 00 00 10 00 42 80 22 80 03 40 1f 29 00 00
90: 86 80 7b 01 08 0c 00 10 00 00 00 00 00 00 40 00
a0: 17 00 01 00 00 00 00 00 ff 1b 33 80 00 04 00 00
b0: 7e 00 80 81 06 00 00 00 00 00 00 00 00 00 00 00
c0: 00 00 00 00 00 00 00 00 00 00 00 00 00 00 00 00
d0: 00 00 00 00 00 00 00 00 00 00 00 00 00 00 00 00
e0: 00 00 00 00 00 00 00 00 00 00 00 00 00 00 00 00
f0: 00 00 00 00 00 00 00 00 00 00 00 00 00 00 00 00

0004:00:00.0 PCI bridge: NVIDIA Corporation Device 2f97
00: de 10 97 2f 06 01 10 00 00 00 04 06 00 00 01 00
10: 0c 00 00 40 40 82 00 00 00 01 01 00 00 00 00 00
20: 00 10 00 10 11 40 21 40 40 82 00 00 40 82 00 00
30: 00 00 00 00 4c 00 00 00 00 00 00 00 00 00 02 00
40: 00 00 00 00 00 00 00 00 00 00 00 00 01 54 03 48
50: 08 00 00 00 05 6c 87 01 40 00 05 40 00 fe 00 00
60: 00 00 00 00 fe 00 00 00 00 00 00 00 09 84 18 00
70: 00 00 00 00 01 00 00 00 00 00 00 00 00 00 00 00
80: 00 00 00 00 10 00 42 81 22 80 03 40 5f 59 00 00
90: 46 80 7b 00 48 0c 44 30 40 00 14 00 28 10 40 00
a0: 17 00 01 00 00 00 00 00 ff 1b 33 80 60 14 00 00
b0: 7e 00 80 81 06 00 1e 40 00 00 00 00 00 00 00 00
c0: 00 00 00 00 00 00 00 00 00 00 00 00 00 00 00 00
d0: 00 00 00 00 00 00 00 00 00 00 00 00 00 00 00 00
e0: 00 00 00 00 00 00 00 00 00 00 00 00 00 00 00 00
f0: 00 00 00 00 00 00 00 00 00 00 00 00 00 00 00 00

0004:01:00.0 Non-Volatile memory controller: KIOXIA Corporation Device 001c (rev 01)
00: 0f 1e 1c 00 06 05 10 00 01 02 08 01 00 00 00 00
10: 04 00 00 10 00 00 00 00 00 00 00 00 00 00 00 00
20: 00 00 00 00 00 00 00 00 00 00 00 00 0f 1e 95 00
30: 00 00 ff ff 40 00 00 00 00 00 00 00 ff 01 00 00
40: 01 70 03 00 08 00 00 00 00 00 00 00 00 00 00 00
50: 00 00 00 00 00 00 00 00 00 00 00 00 00 00 00 00
60: 00 00 00 00 00 00 00 00 00 00 00 00 00 00 00 00
70: 10 b0 02 00 e3 8f 00 10 5f 59 00 00 44 50 43 00
80: 48 00 44 10 00 00 00 00 00 00 00 00 00 00 00 00
90: 00 00 00 00 1f 00 01 00 00 00 00 00 1e 00 80 01
a0: 04 00 1e 01 00 00 00 00 00 00 00 00 00 00 00 00
b0: 11 d0 00 81 00 20 00 00 00 40 00 00 00 00 00 00
c0: 00 00 00 00 00 00 00 00 00 00 00 00 00 00 00 00
d0: 03 00 7c 80 20 20 20 78 00 00 00 00 00 00 00 00
e0: 00 00 00 00 00 00 00 00 00 00 00 00 00 00 00 00
f0: 00 00 00 00 00 00 00 00 00 00 00 00 00 00 00 00

0004:40:00.0 PCI bridge: NVIDIA Corporation Device 2f97
00: de 10 97 2f 06 01 10 00 00 00 04 06 00 00 01 00
10: 0c 00 00 10 50 82 00 00 40 41 41 00 00 00 00 00
20: f0 ff 00 00 f1 ff 01 00 00 00 00 00 00 00 00 00
30: 00 00 00 00 4c 00 00 00 00 00 00 00 00 00 02 00
40: 00 00 00 00 00 00 00 00 00 00 00 00 01 54 03 48
50: 0b 01 00 00 05 6c 87 01 40 00 05 40 00 fe 00 00
60: 00 00 00 00 fe 00 00 00 00 00 00 00 09 84 18 00
70: 00 00 00 00 01 00 00 00 00 00 00 00 00 00 00 00
80: 00 00 00 00 10 00 42 80 22 80 03 40 1f 29 00 00
90: 46 80 7b 01 08 0c 00 10 00 00 00 00 00 00 40 00
a0: 17 00 01 00 00 00 00 00 ff 1b 33 80 00 04 00 00
b0: 7e 00 80 81 06 00 00 00 00 00 00 00 00 00 00 00
c0: 00 00 00 00 00 00 00 00 00 00 00 00 00 00 00 00
d0: 00 00 00 00 00 00 00 00 00 00 00 00 00 00 00 00
e0: 00 00 00 00 00 00 00 00 00 00 00 00 00 00 00 00
f0: 00 00 00 00 00 00 00 00 00 00 00 00 00 00 00 00

0004:80:00.0 PCI bridge: NVIDIA Corporation Device 2f97
00: de 10 97 2f 06 01 10 00 00 00 04 06 00 00 01 00
10: 0c 00 00 10 60 82 00 00 80 81 81 00 00 00 00 00
20: f0 ff 00 00 f1 ff 01 00 00 00 00 00 00 00 00 00
30: 00 00 00 00 4c 00 00 00 00 00 00 00 00 00 02 00
40: 00 00 00 00 00 00 00 00 00 00 00 00 01 54 03 48
50: 0b 01 00 00 05 6c 87 01 40 00 05 40 00 fe 00 00
60: 00 00 00 00 fe 00 00 00 00 00 00 00 09 84 18 00
70: 00 00 00 00 01 00 00 00 00 00 00 00 00 00 00 00
80: 00 00 00 00 10 00 42 80 22 80 03 40 1f 29 00 00
90: 46 80 7b 02 08 0c 00 10 00 00 00 00 00 00 40 00
a0: 17 00 01 00 00 00 00 00 ff 1b 33 80 00 04 00 00
b0: 7e 00 80 81 06 00 00 00 00 00 00 00 00 00 00 00
c0: 00 00 00 00 00 00 00 00 00 00 00 00 00 00 00 00
d0: 00 00 00 00 00 00 00 00 00 00 00 00 00 00 00 00
e0: 00 00 00 00 00 00 00 00 00 00 00 00 00 00 00 00
f0: 00 00 00 00 00 00 00 00 00 00 00 00 00 00 00 00

0004:c0:00.0 PCI bridge: NVIDIA Corporation Device 2f97
00: de 10 97 2f 06 01 10 00 00 00 04 06 00 00 01 00
10: 0c 00 00 10 70 82 00 00 c0 c1 c1 00 00 00 00 00
20: f0 ff 00 00 f1 ff 01 00 00 00 00 00 00 00 00 00
30: 00 00 00 00 4c 00 00 00 00 00 00 00 00 00 02 00
40: 00 00 00 00 00 00 00 00 00 00 00 00 01 54 03 48
50: 0b 01 00 00 05 6c 87 01 40 00 05 40 00 fe 00 00
60: 00 00 00 00 fe 00 00 00 00 00 00 00 09 84 18 00
70: 00 00 00 00 01 00 00 00 00 00 00 00 00 00 00 00
80: 00 00 00 00 10 00 42 80 22 80 03 40 1f 29 00 00
90: 46 80 7b 03 08 0c 00 10 00 00 00 00 00 00 40 00
a0: 17 00 01 00 00 00 00 00 ff 1b 33 80 00 04 00 00
b0: 7e 00 80 81 06 00 00 00 00 00 00 00 00 00 00 00
c0: 00 00 00 00 00 00 00 00 00 00 00 00 00 00 00 00
d0: 00 00 00 00 00 00 00 00 00 00 00 00 00 00 00 00
e0: 00 00 00 00 00 00 00 00 00 00 00 00 00 00 00 00
f0: 00 00 00 00 00 00 00 00 00 00 00 00 00 00 00 00

0005:00:00.0 PCI bridge: NVIDIA Corporation Device 2f95
00: de 10 95 2f 06 01 10 00 00 00 04 06 00 00 01 00
10: 0c 00 00 40 80 82 00 00 00 01 01 00 00 00 00 00
20: f0 ff 00 00 f1 ff 01 00 00 00 00 00 00 00 00 00
30: 00 00 00 00 4c 00 00 00 00 00 00 00 00 00 02 00
40: 00 00 00 00 00 00 00 00 00 00 00 00 01 54 03 48
50: 0b 01 00 00 05 6c 87 01 40 00 05 40 00 fe 00 00
60: 00 00 00 00 fe 00 00 00 00 00 00 00 09 84 18 00
70: 00 00 00 00 01 00 00 00 00 00 00 00 00 00 00 00
80: 00 00 00 00 10 00 42 80 22 80 03 40 1f 29 00 00
90: 06 81 7b 00 08 0c 00 10 00 00 00 00 00 00 40 00
a0: 17 00 01 00 00 00 00 00 ff 1b 33 80 00 04 00 00
b0: 7e 00 80 81 06 00 00 00 00 00 00 00 00 00 00 00
c0: 00 00 00 00 00 00 00 00 00 00 00 00 00 00 00 00
d0: 00 00 00 00 00 00 00 00 00 00 00 00 00 00 00 00
e0: 00 00 00 00 00 00 00 00 00 00 00 00 00 00 00 00
f0: 00 00 00 00 00 00 00 00 00 00 00 00 00 00 00 00

0006:00:00.0 PCI bridge: NVIDIA Corporation Device 2f95
00: de 10 95 2f 06 01 10 00 00 00 04 06 00 00 01 00
10: 0c 00 00 40 90 82 00 00 00 01 01 00 00 00 00 00
20: f0 ff 00 00 f1 ff 01 00 00 00 00 00 00 00 00 00
30: 00 00 00 00 4c 00 00 00 00 00 00 00 00 00 02 00
40: 00 00 00 00 00 00 00 00 00 00 00 00 01 54 03 48
50: 0b 01 00 00 05 6c 87 01 40 00 05 40 00 fe 00 00
60: 00 00 00 00 fe 00 00 00 00 00 00 00 09 84 18 00
70: 00 00 00 00 01 00 00 00 00 00 00 00 00 00 00 00
80: 00 00 00 00 10 00 42 80 22 80 03 40 1f 29 00 00
90: 06 81 7b 00 08 0c 00 10 00 00 00 00 00 00 40 00
a0: 17 00 01 00 00 00 00 00 ff 1b 33 80 00 04 00 00
b0: 7e 00 80 81 06 00 00 00 00 00 00 00 00 00 00 00
c0: 00 00 00 00 00 00 00 00 00 00 00 00 00 00 00 00
d0: 00 00 00 00 00 00 00 00 00 00 00 00 00 00 00 00
e0: 00 00 00 00 00 00 00 00 00 00 00 00 00 00 00 00
f0: 00 00 00 00 00 00 00 00 00 00 00 00 00 00 00 00

0009:00:00.0 PCI bridge: NVIDIA Corporation Device 2f95
00: de 10 95 2f 06 01 10 00 00 00 04 06 00 00 01 00
10: 0c 00 00 40 00 a0 00 00 00 01 01 00 00 00 00 00
20: f0 ff 00 00 f1 ff 01 00 00 00 00 00 00 00 00 00
30: 00 00 00 00 4c 00 00 00 00 00 00 00 00 00 02 00
40: 00 00 00 00 00 00 00 00 00 00 00 00 01 54 03 48
50: 0b 01 00 00 05 6c 87 01 40 00 05 40 40 fe 00 00
60: 00 00 00 00 fe 00 00 00 00 00 00 00 09 84 18 00
70: 00 00 00 00 01 00 00 00 00 00 00 00 00 00 00 00
80: 00 00 00 00 10 00 42 80 22 80 03 40 1f 29 00 00
90: 06 81 7b 00 08 0c 00 10 00 00 00 00 00 00 40 00
a0: 17 00 01 00 00 00 00 00 ff 1b 33 80 00 04 00 00
b0: 7e 00 80 81 06 00 00 00 00 00 00 00 00 00 00 00
c0: 00 00 00 00 00 00 00 00 00 00 00 00 00 00 00 00
d0: 00 00 00 00 00 00 00 00 00 00 00 00 00 00 00 00
e0: 00 00 00 00 00 00 00 00 00 00 00 00 00 00 00 00
f0: 00 00 00 00 00 00 00 00 00 00 00 00 00 00 00 00

000a:00:00.0 PCI bridge: NVIDIA Corporation Device 2f98
00: de 10 98 2f 06 01 10 00 00 00 04 06 00 00 01 00
10: 0c 00 00 40 00 a2 00 00 00 01 01 00 00 00 00 00
20: f0 ff 00 00 f1 ff 01 00 00 00 00 00 00 00 00 00
30: 00 00 00 00 4c 00 00 00 00 00 00 00 00 00 02 00
40: 00 00 00 00 00 00 00 00 00 00 00 00 01 54 03 48
50: 0b 01 00 00 05 6c 87 01 40 00 05 40 40 fe 00 00
60: 00 00 00 00 fe 00 00 00 00 00 00 00 09 84 18 00
70: 00 00 00 00 01 00 00 00 00 00 00 00 00 00 00 00
80: 00 00 00 00 10 00 42 80 22 80 03 40 1f 29 00 00
90: 26 80 7b 01 08 0c 00 10 00 00 00 00 00 00 40 00
a0: 17 00 01 00 00 00 00 00 ff 1b 33 80 00 04 00 00
b0: 7e 00 80 81 06 00 00 00 00 00 00 00 00 00 00 00
c0: 00 00 00 00 00 00 00 00 00 00 00 00 00 00 00 00
d0: 00 00 00 00 00 00 00 00 00 00 00 00 00 00 00 00
e0: 00 00 00 00 00 00 00 00 00 00 00 00 00 00 00 00
f0: 00 00 00 00 00 00 00 00 00 00 00 00 00 00 00 00

000a:20:00.0 PCI bridge: NVIDIA Corporation Device 2f98
00: de 10 98 2f 06 01 10 00 00 00 04 06 00 00 01 00
10: 0c 00 00 10 10 a2 00 00 20 21 21 00 00 00 00 00
20: f0 ff 00 00 f1 ff 01 00 00 00 00 00 00 00 00 00
30: 00 00 00 00 4c 00 00 00 00 00 00 00 00 00 02 00
40: 00 00 00 00 00 00 00 00 00 00 00 00 01 54 03 48
50: 0b 01 00 00 05 6c 87 01 40 00 05 40 40 fe 00 00
60: 00 00 00 00 fe 00 00 00 00 00 00 00 09 84 18 00
70: 00 00 00 00 01 00 00 00 00 00 00 00 00 00 00 00
80: 00 00 00 00 10 00 42 80 22 80 03 40 1f 29 00 00
90: 26 80 7b 06 08 0c 00 10 00 00 00 00 00 00 40 00
a0: 17 00 01 00 00 00 00 00 ff 1b 33 80 00 04 00 00
b0: 7e 00 80 81 06 00 00 00 00 00 00 00 00 00 00 00
c0: 00 00 00 00 00 00 00 00 00 00 00 00 00 00 00 00
d0: 00 00 00 00 00 00 00 00 00 00 00 00 00 00 00 00
e0: 00 00 00 00 00 00 00 00 00 00 00 00 00 00 00 00
f0: 00 00 00 00 00 00 00 00 00 00 00 00 00 00 00 00

000b:00:00.0 PCI bridge: NVIDIA Corporation Device 2f96
00: de 10 96 2f 06 01 10 00 00 00 04 06 00 00 01 00
10: 0c 00 00 40 20 a2 00 00 00 01 01 00 00 00 00 00
20: f0 ff 00 00 f1 ff 01 00 00 00 00 00 00 00 00 00
30: 00 00 00 00 4c 00 00 00 00 00 00 00 00 00 02 00
40: 00 00 00 00 00 00 00 00 00 00 00 00 01 54 03 48
50: 0b 01 00 00 05 6c 87 01 40 00 05 40 40 fe 00 00
60: 00 00 00 00 fe 00 00 00 00 00 00 00 09 84 18 00
70: 00 00 00 00 01 00 00 00 00 00 00 00 00 00 00 00
80: 00 00 00 00 10 00 42 80 22 80 03 40 1f 29 00 00
90: 86 80 7b 00 08 0c 00 10 00 00 00 00 00 00 40 00
a0: 17 00 01 00 00 00 00 00 ff 1b 33 80 00 04 00 00
b0: 7e 00 80 81 06 00 00 00 00 00 00 00 00 00 00 00
c0: 00 00 00 00 00 00 00 00 00 00 00 00 00 00 00 00
d0: 00 00 00 00 00 00 00 00 00 00 00 00 00 00 00 00
e0: 00 00 00 00 00 00 00 00 00 00 00 00 00 00 00 00
f0: 00 00 00 00 00 00 00 00 00 00 00 00 00 00 00 00

000b:80:00.0 PCI bridge: NVIDIA Corporation Device 2f96
00: de 10 96 2f 06 01 10 00 00 00 04 06 00 00 01 00
10: 0c 00 00 10 30 a2 00 00 80 81 81 00 00 00 00 00
20: f0 ff 00 00 f1 ff 01 00 00 00 00 00 00 00 00 00
30: 00 00 00 00 4c 00 00 00 00 00 00 00 00 00 02 00
40: 00 00 00 00 00 00 00 00 00 00 00 00 01 54 03 48
50: 0b 01 00 00 05 6c 87 01 40 00 05 40 40 fe 00 00
60: 00 00 00 00 fe 00 00 00 00 00 00 00 09 84 18 00
70: 00 00 00 00 01 00 00 00 00 00 00 00 00 00 00 00
80: 00 00 00 00 10 00 42 80 22 80 03 40 1f 29 00 00
90: 86 80 7b 01 08 0c 00 10 00 00 00 00 00 00 40 00
a0: 17 00 01 00 00 00 00 00 ff 1b 33 80 00 04 00 00
b0: 7e 00 80 81 06 00 00 00 00 00 00 00 00 00 00 00
c0: 00 00 00 00 00 00 00 00 00 00 00 00 00 00 00 00
d0: 00 00 00 00 00 00 00 00 00 00 00 00 00 00 00 00
e0: 00 00 00 00 00 00 00 00 00 00 00 00 00 00 00 00
f0: 00 00 00 00 00 00 00 00 00 00 00 00 00 00 00 00

000c:00:00.0 PCI bridge: NVIDIA Corporation Device 2f97
00: de 10 97 2f 06 01 10 00 00 00 04 06 00 00 01 00
10: 0c 00 00 40 40 a2 00 00 00 01 01 00 00 00 00 00
20: 00 4a 00 4a 11 40 21 40 40 a2 00 00 40 a2 00 00
30: 00 00 00 00 4c 00 00 00 00 00 00 00 00 00 02 00
40: 00 00 00 00 00 00 00 00 00 00 00 00 01 54 03 48
50: 08 00 00 00 05 6c 87 01 40 00 05 40 40 fe 00 00
60: 00 00 00 00 fe 00 00 00 00 00 00 00 09 84 18 00
70: 00 00 00 00 01 00 00 00 00 00 00 00 00 00 00 00
80: 00 00 00 00 10 00 42 81 22 80 03 40 5f 59 00 00
90: 46 80 7b 00 48 0c 45 30 40 00 2c 00 28 10 40 00
a0: 17 00 01 00 00 00 00 00 ff 1b 33 80 60 14 00 00
b0: 7e 00 80 81 06 00 1e 40 00 00 00 00 00 00 00 00
c0: 00 00 00 00 00 00 00 00 00 00 00 00 00 00 00 00
d0: 00 00 00 00 00 00 00 00 00 00 00 00 00 00 00 00
e0: 00 00 00 00 00 00 00 00 00 00 00 00 00 00 00 00
f0: 00 00 00 00 00 00 00 00 00 00 00 00 00 00 00 00

000c:01:00.0 Non-Volatile memory controller: KIOXIA Corporation NVMe SSD Controller XD8 (rev 01)
00: 0f 1e 2e 00 06 05 10 00 01 02 08 01 00 00 00 00
10: 04 00 00 4a 00 00 00 00 00 00 00 00 00 00 00 00
20: 00 00 00 00 00 00 00 00 00 00 00 00 0f 1e 72 01
30: 00 00 ff ff 40 00 00 00 00 00 00 00 ff 01 00 00
40: 01 70 03 00 08 00 00 00 00 00 00 00 00 00 00 00
50: 00 00 00 00 00 00 00 00 00 00 00 00 00 00 00 00
60: 00 00 00 00 00 00 00 00 00 00 00 00 00 00 00 00
70: 10 b0 02 00 e2 8f 00 10 5f 59 00 00 45 50 43 00
80: 48 00 45 10 00 00 00 00 00 00 00 00 00 00 00 00
90: 00 00 00 00 1f 00 01 00 00 00 00 00 3e 00 80 01
a0: 05 00 1e 01 00 00 00 00 00 00 00 00 00 00 00 00
b0: 11 d0 00 82 00 30 00 00 00 60 00 00 00 00 00 00
c0: 00 00 00 00 00 00 00 00 00 00 00 00 00 00 00 00
d0: 03 00 7c 80 20 20 20 78 00 00 00 00 00 00 00 00
e0: 00 00 00 00 00 00 00 00 00 00 00 00 00 00 00 00
f0: 00 00 00 00 00 00 00 00 00 00 00 00 00 00 00 00

000c:40:00.0 PCI bridge: NVIDIA Corporation Device 2f97
00: de 10 97 2f 06 01 10 00 00 00 04 06 00 00 01 00
10: 0c 00 00 10 50 a2 00 00 40 41 41 00 00 00 00 00
20: f0 ff 00 00 f1 ff 01 00 00 00 00 00 00 00 00 00
30: 00 00 00 00 4c 00 00 00 00 00 00 00 00 00 02 00
40: 00 00 00 00 00 00 00 00 00 00 00 00 01 54 03 48
50: 0b 01 00 00 05 6c 87 01 40 00 05 40 40 fe 00 00
60: 00 00 00 00 fe 00 00 00 00 00 00 00 09 84 18 00
70: 00 00 00 00 01 00 00 00 00 00 00 00 00 00 00 00
80: 00 00 00 00 10 00 42 80 22 80 03 40 1f 29 00 00
90: 46 80 7b 01 08 0c 00 10 00 00 00 00 00 00 40 00
a0: 17 00 01 00 00 00 00 00 ff 1b 33 80 00 04 00 00
b0: 7e 00 80 81 06 00 00 00 00 00 00 00 00 00 00 00
c0: 00 00 00 00 00 00 00 00 00 00 00 00 00 00 00 00
d0: 00 00 00 00 00 00 00 00 00 00 00 00 00 00 00 00
e0: 00 00 00 00 00 00 00 00 00 00 00 00 00 00 00 00
f0: 00 00 00 00 00 00 00 00 00 00 00 00 00 00 00 00

000c:80:00.0 PCI bridge: NVIDIA Corporation Device 2f97
00: de 10 97 2f 06 01 10 00 00 00 04 06 00 00 01 00
10: 0c 00 00 10 60 a2 00 00 80 81 81 00 00 00 00 00
20: f0 ff 00 00 f1 ff 01 00 00 00 00 00 00 00 00 00
30: 00 00 00 00 4c 00 00 00 00 00 00 00 00 00 02 00
40: 00 00 00 00 00 00 00 00 00 00 00 00 01 54 03 48
50: 0b 01 00 00 05 6c 87 01 40 00 05 40 40 fe 00 00
60: 00 00 00 00 fe 00 00 00 00 00 00 00 09 84 18 00
70: 00 00 00 00 01 00 00 00 00 00 00 00 00 00 00 00
80: 00 00 00 00 10 00 42 80 22 80 03 40 1f 29 00 00
90: 46 80 7b 02 08 0c 00 10 00 00 00 00 00 00 40 00
a0: 17 00 01 00 00 00 00 00 ff 1b 33 80 00 04 00 00
b0: 7e 00 80 81 06 00 00 00 00 00 00 00 00 00 00 00
c0: 00 00 00 00 00 00 00 00 00 00 00 00 00 00 00 00
d0: 00 00 00 00 00 00 00 00 00 00 00 00 00 00 00 00
e0: 00 00 00 00 00 00 00 00 00 00 00 00 00 00 00 00
f0: 00 00 00 00 00 00 00 00 00 00 00 00 00 00 00 00

000c:c0:00.0 PCI bridge: NVIDIA Corporation Device 2f97
00: de 10 97 2f 06 01 10 00 00 00 04 06 00 00 01 00
10: 0c 00 00 10 70 a2 00 00 c0 c1 c1 00 00 00 00 00
20: f0 ff 00 00 f1 ff 01 00 00 00 00 00 00 00 00 00
30: 00 00 00 00 4c 00 00 00 00 00 00 00 00 00 02 00
40: 00 00 00 00 00 00 00 00 00 00 00 00 01 54 03 48
50: 0b 01 00 00 05 6c 87 01 40 00 05 40 40 fe 00 00
60: 00 00 00 00 fe 00 00 00 00 00 00 00 09 84 18 00
70: 00 00 00 00 01 00 00 00 00 00 00 00 00 00 00 00
80: 00 00 00 00 10 00 42 80 22 80 03 40 1f 29 00 00
90: 46 80 7b 03 08 0c 00 10 00 00 00 00 00 00 40 00
a0: 17 00 01 00 00 00 00 00 ff 1b 33 80 00 04 00 00
b0: 7e 00 80 81 06 00 00 00 00 00 00 00 00 00 00 00
c0: 00 00 00 00 00 00 00 00 00 00 00 00 00 00 00 00
d0: 00 00 00 00 00 00 00 00 00 00 00 00 00 00 00 00
e0: 00 00 00 00 00 00 00 00 00 00 00 00 00 00 00 00
f0: 00 00 00 00 00 00 00 00 00 00 00 00 00 00 00 00

000d:00:00.0 PCI bridge: NVIDIA Corporation Device 2f95
00: de 10 95 2f 06 01 10 00 00 00 04 06 00 00 01 00
10: 0c 00 00 40 80 a2 00 00 00 01 01 00 00 00 00 00
20: f0 ff 00 00 f1 ff 01 00 00 00 00 00 00 00 00 00
30: 00 00 00 00 4c 00 00 00 00 00 00 00 00 00 02 00
40: 00 00 00 00 00 00 00 00 00 00 00 00 01 54 03 48
50: 0b 01 00 00 05 6c 87 01 40 00 05 40 40 fe 00 00
60: 00 00 00 00 fe 00 00 00 00 00 00 00 09 84 18 00
70: 00 00 00 00 01 00 00 00 00 00 00 00 00 00 00 00
80: 00 00 00 00 10 00 42 80 22 80 03 40 1f 29 00 00
90: 06 81 7b 00 08 0c 00 10 00 00 00 00 00 00 40 00
a0: 17 00 01 00 00 00 00 00 ff 1b 33 80 00 04 00 00
b0: 7e 00 80 81 06 00 00 00 00 00 00 00 00 00 00 00
c0: 00 00 00 00 00 00 00 00 00 00 00 00 00 00 00 00
d0: 00 00 00 00 00 00 00 00 00 00 00 00 00 00 00 00
e0: 00 00 00 00 00 00 00 00 00 00 00 00 00 00 00 00
f0: 00 00 00 00 00 00 00 00 00 00 00 00 00 00 00 00

000e:00:00.0 PCI bridge: NVIDIA Corporation Device 2f95
00: de 10 95 2f 06 01 10 00 00 00 04 06 00 00 01 00
10: 0c 00 00 40 90 a2 00 00 00 01 01 00 00 00 00 00
20: f0 ff 00 00 f1 ff 01 00 00 00 00 00 00 00 00 00
30: 00 00 00 00 4c 00 00 00 00 00 00 00 00 00 02 00
40: 00 00 00 00 00 00 00 00 00 00 00 00 01 54 03 48
50: 0b 01 00 00 05 6c 87 01 40 00 05 40 40 fe 00 00
60: 00 00 00 00 fe 00 00 00 00 00 00 00 09 84 18 00
70: 00 00 00 00 01 00 00 00 00 00 00 00 00 00 00 00
80: 00 00 00 00 10 00 42 80 22 80 03 40 1f 29 00 00
90: 06 81 7b 00 08 0c 00 10 00 00 00 00 00 00 40 00
a0: 17 00 01 00 00 00 00 00 ff 1b 33 80 00 04 00 00
b0: 7e 00 80 81 06 00 00 00 00 00 00 00 00 00 00 00
c0: 00 00 00 00 00 00 00 00 00 00 00 00 00 00 00 00
d0: 00 00 00 00 00 00 00 00 00 00 00 00 00 00 00 00
e0: 00 00 00 00 00 00 00 00 00 00 00 00 00 00 00 00
f0: 00 00 00 00 00 00 00 00 00 00 00 00 00 00 00 00

